=== t5_requant  (shift=4 算术右移 + ReLU，测量化与负数右移) ===
输入 (6, 6, 2)  权重 (3, 3, 2, 2)  输出 (4, 4, 2)
stride=1 pad=0 shift=4 relu=1

--- 输入 x ---
[[  53  -26    9  -55  -38  -70]
 [  49  -66  -33  -41  -29    4]
 [ -52   70  127  110  -25   63]
 [  86  -46   87  100  -17   -4]
 [ 120  -28  -82 -107   22   35]
 [  79  112  -47 -101  -43  -56]]

--- 权重 w ---
[[ -47 -108   60]
 [-104  -42  -34]
 [ -80  -83  -77]]

--- 偏置 b --- [100, -100]

--- 期望输出 y ---
[[  0   0   0   0]
 [127   0   0   0]
 [127   0 127   0]
 [  0   0   0 127]]
--- 期望输出 y[.., .., 1] ---
[[  0   0 127 127]
 [127   0 127 127]
 [127   0   0 127]
 [127 127   0   0]]
