=== t7_mnist28_pad1  (28x28x1 pad1 k3 OC=4 -> 28x28x4，给之后 MNIST demo 用（文件较大）) ===
输入 (28, 28, 1)  权重 (3, 3, 1, 4)  输出 (28, 28, 4)
stride=1 pad=1 shift=0 relu=1

--- 输入 x ---
[[ -46  -20   97  -34   -9   67 -120   71  -24  -99  -30  -71  -22  110  -65   67   26  -46  -68    7   62   10  -86   35   79   99   96  106]
 [ 121  100  119   99  119   47   25  -38   30   44   80   43  109   42   -3  -90    7   30  -16 -109  -22   -6   76 -119 -113   39 -112  114]
 [  85   84  115   20  -52  107   55   51 -102  -43  101  -68   33  -47 -120   67   88  -14  -85  -30  -40 -113  -70    4  -36   89  124  103]
 [-110   94  -82  -11   76   29    5  -48   15   69   58  -58  123   62 -113 -107   31  -25   59    3 -105  -96  -40  -86   74  108  -58  -67]
 [  97   -3  -35  -35   97    7  101  -45   88   20 -111   97  -59  123  -96   57  -85   58  -97  109   94   59  -95   66   81   -2  -39  -90]
 [  71  -82    9   98  -68  -14   -1  -70   47   70   25  -26 -120   44   74   36   -1   82   10   34  -26  -57  115  -54 -105   87  -76   27]
 [  32   25  122   13   15 -106   74  -25  127 -120  -31  -76  109   15  -43  -48  -39   77   86   57 -111   53   31   64  -38  -33  -40   38]
 [ -95   85  -30  -56  -85   32   23  -63  -56  -45   51   55   41  -10   49   79  -65 -103 -126   34   96  -37   82  -76 -118   98  -27  -34]
 [ -12 -106  -99   73    3  -34  -29  -36   20  -67 -113 -119  -36   52   94 -110   92   -2   48    7   -9   50  -14 -127  -55    8   15   82]
 [-111   88   64  -80   13  -56  -16   79    3 -119  -77  -92   74  127   90  -43  -26 -118  -10   10   69  -43 -125   64 -107   47  -86   67]
 [ -98 -113 -106   20   16   56   28  102  -98  111   55   34   85  124    4 -119   86  118   41   83   72   91   65   -8  102  -22  126  121]
 [  94  -29  -35   24   37   58  -67  -32  -80   17 -128   69  -11   27   23   73   73  123   -8  -63    0   50   -7  -74   29   25   65  -64]
 [ 125  125  -27  -14 -124  -19  -63  -12  -51  -86   43   27   32   79   55   89   97  -71   36  -62  -60 -121  -31  -34  -78   68 -124    6]
 [-116  -76   29  -17 -102  -44   -9 -126   87   67  104   70 -104  101 -117   29  -49  -82   67   53  104   45   -3  125   41   82   10  -68]
 [ -26  -29 -124 -115    2  -61  -50   52  -30 -102   27  -34  -89  -41  -54 -118   27  -98   40 -119  -30  -27  -51  -58 -104 -108 -121  -51]
 [ -92  -88    8   52  -28  114  -62  -20  -94   70   18   58  -38  -44  -95   79    8   38   56  -15   -8   32  -45   42 -124   52   32  106]
 [ -84   15  -52   73  -69  -68  112   81  -73   44  -79   41 -110   21   66  -22   65   21  -10  107 -128  -18   34  -43   60   34   92  113]
 [ 118  -75   98 -100   24   38  -80  -35   23   26   35  -59  -21  -38  -62    0   39 -111   34   93  107  -70  -49   46   23  -78  106   33]
 [ -68  -29   52  -98   95  -91  110   34  101  -29  102 -115   33  -30    0  109   71  100   85 -123  -41  -74  -14  -39 -117  119 -122   68]
 [-127  -97 -118   13  104  -23   19  -10 -122  -30   98 -105  -32  -57 -100   18  -10   11  -35   14   51   82  -28   90   92   10 -114   49]
 [ 115   10 -122   25   99 -123 -103  -53   13   18  -18  -86   40  111  -87  -90   92  -74   16  116   59   76  -49  -30   43  112   22   58]
 [ -65  -68  -31  -85    3  -24  -65   82   26 -120  -63  -90   55 -114  -54   11 -103  -22   13   41  -51   58  119 -109  -14  -30   -3  -42]
 [   5  110  -51   13 -101 -123  -73   86 -114 -110  125  -84  -82  123   58  -80  -52   99   98  -57   13  -38  -50  -66  -36  -66   31 -128]
 [  19  -80  -21  -91  -86  -94  -98   46  -11  -85 -105  -10 -111   35   90  108   77  -39   47    8    2  116   41  126  -67  -51  -62   -6]
 [ -32  -33  -94   16  -25  -54  -47  111 -120   71  -63 -106   26   72 -120  -44    2    2 -108   85   -8  -76   95   54  106   87   43 -109]
 [ 121  116 -126   92  -32 -118  -76   72   92  -78  111   -5   -7   -6    2  -78   13   44  -51  124   47 -115  -56   -5   13 -126  -41  -54]
 [ -76   55   92   58   30  111   84   57   53   92 -110  -93   22  -23  -38  -71    5 -127  -40  -92   38   96  -37   74   25  -95  107  -90]
 [ -81  123   38  -73   47  -75   -6  127   41 -102  120   96  -15   55   38  -18  126   56 -127  -58  -49  -86   38   -2   86   42  -12   97]]

--- 权重 w ---
[[107 -25 127]
 [ 48  -9  52]
 [-44  80  55]]

--- 偏置 b --- [0, 0, 0, 0]

--- 期望输出 y ---
[[127 127 127 127 127   0 127   0 127 127   0 127 127   0 127   0 127   0   0   0 127 127 127   0 127 127 127 127]
 [127 127 127 127 127 127 127   0   0 127   0   0 127   0 127 127 127   0   0   0   0   0  97 127 127 127 127 127]
 [127 127 127 127 127 127 127 127 127 127  74 127 127   0   0   0 127   0   0   0   0   0   0   0 127   0 127   0]
 [127 127 127 127 127 127 127   0 127   0   0 127   0   0   0   0   0 127   0 127   0   0   0 127 127 127 127 127]
 [127   0 127 127   0 127   0 127 127 127 127 127 127 127 127   0   0 127 127   0   0   0   0   0 127 127   0   0]
 [  0 127 127 127   0 127   0 127  42   0 127   0 127   0 127   0 127   0 127   0 127 127 127 127   0   0   0   0]
 [  0 127   0   0 127 127   0 127   0 127 127   0 127   0 127 127 127   0 127 127 127 127   0   0 127   0 127   0]
 [127   0 127 127   0 127   0 127   0 127   0 127   0 127   0   0 127   0 127   0 127 127   0   0 127   0 127   0]
 [127   0   0   0 127   0   0 127   0   0   0 127 127 127 127   0   0   0 127 127 127 127   0   0   0   0 127 127]
 [  0   0   0   0  29 127   0 127   0 127   0   0 127 127   0 127   0 127   0 127 127 127   0   0 127   0 127   0]
 [127   0   0 127   0 127 127   0 127   0   0 127 127 127 127 127   0 127   0 127 127 127 127   0 127   0 127   0]
 [127   0   0   0 127 127 127   0 127   0 127 127 127 127 127 127 127 127 127 127 127 127 127 127   0 127   0 127]
 [  0 127 127   0   0   0   0   0 127   0 127   0 127 127 127 127 127 127 127 127   0   0   0 127   0 127   0   0]
 [127   0   0   0   0   0   0   0   0 127 127   0 127   0 127 127   0 127   0   0   0   0   0   0 127   0 127   0]
 [  0   0   0   0   0   0   0 127   0 127 127   0 127   0 127   0   0 127   0 127 127 127 127   0 127 127   0 127]
 [  0   0   0   0   0   0 127   0   0 127   0   0   0   0   0   0   0 127   0 127   0   0   0   0   0   0 127   0]
 [  0   0 127   0 127   0 127   0 127   0 127   0 127   0 127 127 127 127 127 127 127   0 127   0 127   0 127 127]
 [  0   0 127   0 127   0 127 127 127   0 127   0 127   0 127 127   0 127 127   0 127   0   0 127   0 127 127 127]
 [  0 127   0 127   0   0  13   0   0 127   0   0   0   0   0 127   0 127   0 127   0 127   0 127 127   0   0 127]
 [127   0   0 127   0 127   0 127 127 127   0 127   0 127   0 127 127 127 127 127   0   0   0   0 127   0 127   0]
 [  0   0   0   0   0 127   0   0   0   0   0 127   0   0 127   0   0 127 127 127 127 127 127   0 127   0 127   0]
 [127   0   0   0   0   0   0   0   0 127   0   0   0 127   0   0   0 127 127   0 127   0   0 127   0 127 127   0]
 [  0   0   0   0   0   0 127   0   0   0   0 127   0 127 127   0 127   0 127   0 127 127   0 127   0   0   0 127]
 [127   0 127   0   0   0 127   0   0 127   0   0 127   0   0 127 127 127   0 127   0   0 127   0 127 127   0   0]
 [127   0   0   0   0   0 127   0 127   0 127   0 127   0 127 127 127 127 127 127 127   0 127 127 127   0   0   0]
 [  0   0 127   0   0 127 127   0 127   0   0 127 127   0   0   0   0   0 127   0 127 127   0 127 127 127   0   0]
 [127 127 127   0 127   0 127 127   0 127 127 127   0 127   0 127 127   0   0   0   0   0 127   0   0 127   0 127]
 [127   0 127 127 127 127 127 127 127   0   0   0   0   0   0 127   0   0   0   0   0   0 127 127   0 127   0 127]]
--- 期望输出 y[.., .., 1] ---
[[  0   0   0   0   0   0 127   0   0   0   0   0   0   0 127   0 127   0 127 127 127   0 127 127 127 127 127   0]
 [  0 127   0 127 127   0   0 127 127 127   0 127 127 127 127 127   0   0 127 127   0 127   0 127 127   0 127   0]
 [127 127 127 127 127   0 127   0 127   0   0 127   0   0 127 127 127   0   0   0 127 127 127   0 127   0 127 127]
 [127   0 127   0   0   0   0   0   0 127 127 127   0   0 127 127   0 127   0   0   0   0   0 127   0   0 127 127]
 [  0 127   0 127   0 127   0 127   0   0 127   0 127   0 127   0 127   0 127   0 127 127 127 127 127   0   0 127]
 [  0 127   0   0 127 127   0 127   0 127 127   7 127   0 127 127 127   0   0   0 127 127   0 127 127   0 127   0]
 [127 127   0 127   0 127   0 127   0 127   0 127   0 127   0   0 127 127 127   0 127   0 127   0 127   0 127   0]
 [127   0 127   0   0   0 127 127   0 127 127 127 127   0   0   0 127   0   0   0   0 127   0 127 127   0 127   0]
 [127   0   0   0 127 127   0   0   0 127 127 127   0   0   0 127   0 127 127 127   0   0 127 127 127  11 127   0]
 [127 127 127 127   0   0   0   0   0   0   0 127   0   0   0 127   0   0   0   0   0   0   0   0 127   0 127   0]
 [  0   0   0   0 127   0 127   0 127   0 127 127 127   0   0 127   0   0 127 127 127   0 127 127   0 127   0 127]
 [  0   0 127 127 127   0 127   0 127   0 127   0 127   0   0   0 127   0 127 127 127 127 127 127   0 127 127 127]
 [127 127 127   0 127   0 127 127   0   0   0   0 127   0 127 127   0 127   0   0   0   0   0   0 127   0 127   0]
 [127   0   0 127 127 127   0 127   0 127 127   0 127   0 127   0   0 127   0 127 127 127 127 127 127 127 127 127]
 [127 127 127   0   0   0 127   0 127 127   0   0 127   0   0 127   0 127   0 127   0   0 127   0   0   0   0   0]
 [127 127   0   0 127   0 127   0 127   0 127   0 127   0 127   0 127   0   0   0 127   0 127   0 127   0 127   0]
 [  0   0 127   0 127 127   0 127 127   0 127   0 127   0 127 127   0 127 127   0 127   0   0 127   0 127   0   0]
 [  0 127   0 127   0   0 127   0   0   0   0 127   0 127   0   0   0   0   0 127 127 127 127 127 127 127   0 127]
 [127 127   0 127   0 127   0 127 127 127   0 127   0 127 127 127 127 127   0 127   0   0   0   0 127   0 127   0]
 [  0   0 127 127   0 127 127   0 127   0   0 127   0   0 127   0   0   0   0   0   0   0 127  66 127   0 127   0]
 [  0 127 127 127   0 127   0   0   0 127 127 127 127   0 127 127   0 127 127   0 127   0   0 127 127   0 127 127]
 [  0   0   0 127   0 127 127   0 127 127   0 127   0   0   0   0 127   0   0   0 127 127   0 127   0 127   0 127]
 [127   0 127   0 127 127 127   0 127 127   0 127 127   0   0   0   0   0   0 127   0   0   0   0   0 127   0 127]
 [  0 127   0   0   0 127 127   0   0 127 127   0 127   0 127 127 127 127   0   0 127   0 127   0   0   0   0 127]
 [  0   0 127   0 127 127 127   0 127   0   0 127   0   0 127   0   0   0 127   0   0 127   0 127 127 127 127 127]
 [127   0 127   0   0   0   0   0   0 127   0 127 127   0   0 127 127 127 127 127   0 127   0   0   0 127   0 127]
 [127   0   0 127 127 127 127   0   0   0 127   0   0   0   0 127   0   0   0 127   0   0 127   0   0 127   0 127]
 [127   0   0 127   0 127 127   0   0 127   0 127 127   0   0 127   0   0 127   0   0 127   0 127   0 127 127   0]]
--- 期望输出 y[.., .., 2] ---
[[  0   0   0   0   0   0 127   0 127   0   0   0   0   0 127   0 127   0   0 127 127   0 127   0 127 127 127 127]
 [  0   0 127 127 127 127   0   0 127 127   0 127   0 127 127 127   0   0   0 127 127 127   0 127 127   0 127   0]
 [127 127 127 127 127 127 127   0 127   0   0 127   0   0 127 127 127 127 127   0   0 127 127 127   0   0 127 127]
 [127   0 127 127   0   0 127 127 127   0 127 127   0 127   0   0   0 127   0   0   0   0   0 127   0   0 127 127]
 [  0   0 127   0   0 127  28 127   0   0 127   0 127 127 127   0   0   0 127 127 127   0 127   0 127 127   0   0]
 [  0 127   0   0 127 127 127 127   0 127 127   0 127   0 127 127 127   0   0   0 127 127   0   0 127   0 127   0]
 [127 127   0 127 127 127   0 127   0 127   0 127   0   0 127   0 127 127 127 127 127   0 127 127 127   0   0   0]
 [127   0 127 127   0   0   0 127 127 127 127 127 127 127   0   0   0   0 127 127   0 127   0 127 127   0   0   0]
 [  0   0   0   0 127   0 127   0   0   0 127 127 127   0   0 127 127 127   0   0 127 127 127 127   0   0 127   0]
 [127 127   0 127   0   0   0   0   0 127   0   0   0   0 127 127   0   0   0  81   0   0 127   0   0   0 127   0]
 [  0   0 127   0   0   0 127 127 127   0   0 127   0 127 127 127   0   0   0 127 127 127   0 127   0 127   0   0]
 [  0   0   0   0 127 127 127 127 127   0 127   0 127 127 127   0   0 127 127 127 127 127 127 127 127 127   0 127]
 [127 127 127   0 127 127 127   0   0   0   0   0 127 127 127 127 127 127 127   0   0   0   0   0   0   0 127   0]
 [127 127 127 127 127   0   0 127   0 127 127 127 127   0 127 127 127 127 127 127 127 127 127 127 127 127 127 127]
 [127   0   0   0   0   0   0   0   0 127   0 127   0   0 127   0   0   0   0 127   0 127   0   0 127 127   0   0]
 [  0 127   0   0 127   0 127   0 127   0   0 127   0   0   0   0   0   0   0 127   0 127 127   0 127   0   0   0]
 [  0   0 127   0 127 127 127 127 127   0 127   0 127   0   0 127 127 127 127   0   0   0 127 127   0   0 127   0]
 [  0 127   0 127 127   0 127   0   0   0   0   0 127   0 127   0   0 127   0 127 127 127 127 127 127 127   0 127]
 [127 127 127 127   0 127   0 127 127 127   0 127   0 127 127 127 127 127   0 127   0   0   0   0 127   0 127 127]
 [  0   0 127 127   0 127 127 127 127 127   0 127   0   0   0 127 127   0 127   0   0   0 127 127   0   0 127   0]
 [  0   0 127   0 127 127   0 127   0   0 127 127   0   0 127 127   0 127 127   0 127 127 127   0 127 127 127   0]
 [  0 127   0   0 127 127 127   0   0 127   0   0   0 127   0   0 127   0   0   0 127 127 127 127   0 127 127 127]
 [127   0 127   0 127 127 127   0 127 127   0 127 127 127   0   0   0   0   0 127   0   0   0   0   0 127   0 127]
 [  0 127 127 127   0   0   0   0   0   0   0 127   0   0 127 127   0 127 127 127   0 127 127   0   0   0   0   0]
 [  0   0   0   0   0   0 127   0 127   0   0   0   0   0 127 127 127   0 127   0   0 127 127 127 127 127 127 127]
 [127   0 127   0   0   0   0   0   0 127   0 127   0 127 127   0 127 127 127   0 127   0   0 127   0 127 127   0]
 [127 127   0   0 127   0   0   0 127   0 127   0   0   0   0   0   0   0   0 127 127 127 127   0   0 127   0 127]
 [127   0 127 127   0 127 127 127 127 127 127   0 127 127   0 127   0   0   0   0   0 127   0 127 127 127 127 127]]
--- 期望输出 y[.., .., 3] ---
[[  0   0   0   0   0 127   0 127 127   0 127   0   0 127 127 127   0 127 127 127   0   0 127 127   0   0   0   0]
 [  0   0   0   0   0   0 127 127 127   0   0 127   0 127 127   0   0 127 127 127 127 127 127 127   0   0   0   0]
 [  0   0   0   0   0   0   0 127   0   0 127   0   0 127 127 127   0 127   0 127 127 127   0 127   0   0 127   0]
 [  0 127   0   0   0   0   0   0   0 127   0   0   0 127 127   0   0   0 127   0 127 127 127   0   0 127 127   0]
 [127   0   0   0 127   0 127   0   0   0   0 127   0   0   0 127   0 127   0   0 127 127   0 127   0   0 127 127]
 [  0   0   0 127 127 127   0   0   0 127 127   0   0   0 127   0   0   0   0 127 127   0 127 127   0 127   0 127]
 [  0   0 127   0 127   0 127 127 127   0   0   0 127   0   0 127 127   0   0   0   0 127   0 127 127   0 127   0]
 [127 127   0   0 127 127 127 127   0 127 127 127   0   0 127 127 127 127   0   0 127   0 127 127   0 127   0   0]
 [127   0 127 127 127 127   0   0 127 127 127   0   0   0 127   0 127 127 127   0   0 127 127 127 127   0   0   0]
 [127 127 127   0   0   0   0 127 127   0 127 127   0   0 127 127   0   0   0   0   0   0   0 127   0 127   0   0]
 [127 127   0 127   0 127 127 127   0 127 127   0   0   0   0   0   0   0 127   0   0   0 127   0 127   0   0   0]
 [  0 127 127 127 127   0 127   0 127 127   0   0   0   0   0   0   0   0   0 127 127   0   0 127   0   0 127   0]
 [  0   0   0 127 127 127 127 127  55   0 127   0   0   0   0   0 127   0   0 127 127 127   0 127   0 127 127 127]
 [127   0 127 127 127 127 127   0 127   0   0 127   0 127 127 127   0 127   0 127   0 127   0 127 127 127 127 127]
 [127 127 127 127 127 127 127 127 127   0   0   0 127 127 127   0 127 127 127 127   0 127 127 127 127   0   0 127]
 [127 127 127 127 127   0   0 127 127 127   0 127 127 127   0 127   0 127   0 127 127   0 127 127   0   0   0   0]
 [127 127   0 127 127   0 127   0 127   0 127 127 127 127 127   0 127 127   0   0 127 127 127   0 127   0   0   0]
 [127   0 127   0   0 127   0   0 127   0 127 127 127 127   0   0   0   0 127   0 127 127   0 127   0   0   0   0]
 [127 127   0   0 127   0 127 127 127   0 127 127 127 127   0   0   0 127 127   0   0 127 127   0   0 127   0   0]
 [127 127 127   0   0 127   0 127   0   0 127 127   0 127 127   0   0 127   0   0   0 127 127   0   0   0 127   0]
 [127 127 127   0   0 127 127   0 127 127 127 127   0 127 127 127 127   0   0   0   0   0 127 127   0   0 127   0]
 [  0   0 127 127 127 127   0 127 127   0 127 127 127   0 127 127   0   0 127 127   0   0 127 127 127   0 127 127]
 [127 127 127 127 127 127 127   0 127 127 127 127   0   0   0   0 127   0   0   0   0   0   0 127 127 127 127 127]
 [127 127 127 127 127 127 127   0 127 127 127 127   0   0   0   0 127   0   0   0   0   0   0   0   0 127 127 127]
 [  0 127 127 127 127 127   0   0   0 127 127 127 127 127 127   0   0 127   0   0 127   0   0   0 127 127 127 127]
 [  0   0   0 127 127 127 127   0 127   0 127 127   0   0 127 127 127 127 127   0   0 127   0   0 127   0   0 127]
 [  0   0 127   0   0 127   0   0   0 127   0 127 127   0 127 127   0 127 127   0   0 127   0   0   0 127 127   0]
 [  0   0   0   0 127   0   0   0 127   0   0 127   0   0 127   0   0 127 127 127 127   0 127   0   0 127   0 127]]
